uid
U23001
U22109
U48381
U22105
U48139
U22063
U48375
U48451
U09015
U48367
U23011
U13185
U12017
U13095
U12061
U22015
U48209
U33017
U22057
U12109
U22097
U48329
U48181
U48361
U12113
U48187
U40031
U35045
U45035
U48183
U35043
U48251
U44005
U08077
U01069
U44009
U12055
U13153
U04017
U45013
U56021
U48441
U46103
U48135
U37049
U30063
U28121
U48005
U12053
U33009
U12085
U40017
U30111
U48037
U16055
U51740
U48469
U22079
U49005
U37191
U04005
U45075
U35049
U48231
U48485
U48099
U28059
U23003
U12019
U22005
U45085
U04003
U48213
U08101
U22045
U33013
U48091
U34009
U49053
U45041
U16019
U09013
U30013
U01081
U12087
U23019
U48257
U01003
U35031
U37155
U16005
U12005
U12107
U25003
U30029
U37147
U48409
U37101
U53057
U36079
U12015
U33005
U22087
U48041
U13127
U45015
U30031
U50007
U35061
U10001
U16027
U48291
U36089
U41017
U37085
U04001
U22073
U56025
U37133
U16083
U25015
U48021
U34019
U53025
U09007
U35005
U37151
U41059
U37129
U35035
U13151
U53005
U48347
U05131
U53007
U45003
U06057
U37135
U48471
U44003
U28035
U06025
U38015
U34041
U04015
U22001
U37019
U12097
U12089
U01015
U41043
U13059
U35025
U12091
U12119
U36083
U30049
U51650
U04007
U08035
U25011
U37179
U53015
U36019
U37001
U06039
U24045
U23009
U08123
U12023
U37025
U41019
U01055
U22113
U22019
U22101
U51510
U53029
U42089
U48427
U48423
U12035
U36093
U53071
U34037
U53021
U10005
U32007
U23031
U48001
U34011
U53065
U13021
U04027
U12039
U13073
U04025
U23025
U36045
U53041
U01117
U35015
U35013
U48203
U24017
U32510
U28047
U23017
U42075
U06031
U28075
U37127
U04021
U22099
U13113
U53073
U45043
U13179
U12111
U33001
U48199
U22055
U28067
U48323
U22103
U38101
U37159
U41071
U36075
U49003
U09005
U16011
U42107
U41035
U37057
U16069
U36111
U53075
U01125
U53047
U45091
U32005
U51700
U49045
U48479
U50021
U13077
U06055
U36101
U13097
U06023
U42097
U22115
U49057
U37107
U45077
U06101
U38017
U48465
U48309
U22089
U01103
U41003
U24043
U08067
U12069
U48497
U37097
U06045
U28033
U48265
U45051
U08045
U13139
U06109
U24013
U04023
U12001
U37031
U35039
U45007
U32019
U13215
U16017
U05143
U06017
U37047
U13117